2448276923271902896874406381651775800720869591763363277414579023206743593485406864542148150003629305  0110100100100001001100101000010001011110010110100111111000001011000100010110101101001011000010111101
6602713533622589166274733291668655823501857612844764333933507045122156869858983331001252775643876448  1011010100011001000101010000000000010011000001001100011001100000110101011001110101001000011101101101
9969305447743136734079723083715162973700580968115511092777720423319268591873116364071193492448339396  0100100001100111110010101100010111110111110110010101011000111001011010101100111000011101111001101010
3592007450680479785498471747061567602920145036218869767309732044539964907717851492071287708346256997  0011011010101101010011101101110111100101010101101110101000111011110001010000100110110001000110110000
801042995888705625295321068945055977333624390777558615926563325808818498247440482742299240622814972  1001001111101101000001011011001010111101100111011011010000000011001101111010100101001001010110111111
7210225422069741123585956131965668054234792628677768997567597112214978026693876771212458037754016305  1100011111110000010101101101000010110000011000110000101110101001111101010001101000110111100000111011
1092729123572338603383965302982727808106131443299551315212527547262557202080075793634599167572543053  1111110111011010110110011111001110010101001101110100100001001011000010001111110101010000010011011110
8725792211471449855752017130823734205907520195412622479308464944779029067822963508821814234300299398  0001001001110011010110011100100100101110101000000101000100110000100110001100100010001000110011011101
5054600023270174149313173165045910881986034248089429504502471144514885688269140225180417344657956393  0001011010001101011110000101001010100000010010000000001100010110100010011111011111111010000010000110
5757852591159354038571969672684179468283803347273250257469618864632438529358477560465385542192454093  0111001010110100010100110010000010011011011011011101001011001001110001000011010011110110110110110111
7346975351984185827983767096846851076659975419186913548963110072911993317343436141010835658714690408  0101000101100011010101011100111101100101110001000110101011110011111011100001001010000101111111001001
3489028679536037658305182484555654525386404277442534590488992104347188390485932402439322512660175852  1101101001101011000011100100100100110100001100000101001011111011001101000100011110000100100011001101
5662837890935295704061778859877994596434502036656097666668751416430660977462305626695533390269143338  0011110101010101111111101010000101001100110101110100101001001110111010001110100000101110110100101010
4760054103008382985100518895575318138402179216399096354563237167906573325678895411771498528927038308  1000001100010010100010111001101000110001100001010111101110100001001101100100000010011111101000001110
9395831008832324848704664530402140504491358752973658185128095756146048175227292419140786237761660019  1011010100011100100111101010011011110001111111101010011100111101111010001111100101100100000011110010
7115372672130573751733913289643890846578989577691016412845519335136064624762717920031923618900235903  0111000111111100100000111000101001001100110010100111010011011100110010000000110100100100110111011000
1272775875095744352598927347367192380837084371079000172203102223040581096932472833356865206246805523  1110000010000100111101111100001011101010010110100010111111100111111110001000001010101001001100110100
3491385215630220908264783871904071563720459904146429899760422754206385647245224944248068361114822564  0100101110101100011101100001001100111111011010010110110000011100100010011100111100000100101110111011
4995339321088836031667852272236539422414014670859567535886746349005400878027135165377765137694142493  1110001110011000110010111010011011001011000001000110000001001101110100000111011111000011100101001001
1258165470664966499459198836706296447393217966294074861449883685552149328785231984399802774051714995  1101111110111011110000100000010111001100001101000101010101100110011011101100101001001000100000000000
6869373864229491756841536680758051573341019995442315788950341270776061251673710466357624595062376814  0001001010110010001010101111001101101011000001100110001101010100000010101001100011010110001111001001
23571843652467484682133006260675911395674842207694782162359420255629003775175359164138105656236523  0000010110011111100011010010010001101110011101101001110010010100010011010001011011011000110110110011
8585802454728591893687331609073048783912594216506169947370987229224991724935101535280610045073304996  0111001100101011010000101100100111010010100100010000100000111111101001101100110101100001111011101010
656130549167268370104129437734277278089250478030089009436084760458829224747058355770898332442637458  1010001010100011100010110000001001110100011111100010100000100111101110001100110010001100001000000010
5634507721423593413289248846593701571323469872667313813238092327259165790799916394707563339963585363  1100001101000110100010111011100101000001001001001000111001100001101000001100011110001111001011100111
3561449013128112459836747567502965520919665093780609871090851260880910129880432239237928380155767958  0110010111100110001100010110000100001000110111111010111111011111111001010111010101110100000010010100
1263846188647588437476877901831131596832350933292820299588238804136218162595298309480364906109484978  1110110000010111010100011110001110000101000010101100110100110010000110011110111001111101110010000101
3312363420204554069489693113075068779470672674538966161525321556072125462860824285450815353557340801  1001010110110101001010011111100001110110010101100100010110101000010001010011010000111011001101111010
7994129506106525451584881413030945972022342784691198294734063991688496946446165751436468988970483099  0111011100110000011101111111010000011110111110010011000000011111110100100011001111111010001001000110
2826261689877961899563595724346503742657048225965582848635061141104371457800250680808746710339472164  0010111110101111101110111100100000001110110111010110111010100011010000001110110001100101001011010011
4642151080168665090313324296945903908140831113722383062806379175930900190187070850741081824506090697  1010101111010001001101001010101000111000101000111000110000011000010111000111111100101110000100010101
6819235061645647423834930094271008648238486584903789185881056325202135253759061116723496681487759196  1101110010100001011000000011011001000111101001010100001011001001011001000000111000000001011000011000
6157780240614265289674675565262774352883622571200972799966826597716767106878109216732581278245363060  1010111101001010110001010111100111110001111110110001111001001000001001001000010000101000000001110101
3708141001665256162007815979672443446297017917887563194958590228642971531626741547936985748869049302  0100000110110111111000000000111110000011001001101011100001110010110100000101111111110111101011101110
7159116104818704034478750143161615164176222154682870246327686214654320905557216507801126067180330367  0010101111101111011101011100110110100100000000011100000010011010111110000011101101100111110001010110
330693571717761677133905713814101670823372065985033933731404421133389774054604880943209011060200080  0111111011100110101010000001000111011101111100010111111100110010101010100111100011110011011110101101
7288680670482517993726119070126495116661026300019749450013120003435817442207236554096247063493867785  1101010111011101000101101100100101001111111111101100000000011000011110101110010101101100001101001011
9193407034695896692968056846666899362395983518981022252791842696246993843691292556596415033799749043  0101010010101011011010000001110001010110101010100111101100111000011011111101010001111010011011001000
2726670867629111868448280899540896017212605966717631817581497974626719973896130226201154322360114388  0110110000100001111101111101010001000101100111010111100001001001111111001000001011110110001100101000
3423851319545375109049847991287634862360773308090780522111250821557761144246431401944684008696477897  1101110010111000100011010010111101111101001100100110110011101100011001011110010010010001111010010101
2832471812135055383525093191842075607893380248687983862122735667409526156567280880779483171906743033  1011110110001011101010110001000011010100000100101111110111111001001100111001001111010110010010101111
5307995659985493888113904917525078067340308638178771483175506469067336943982010425139601539336123705  1101000001011000010011111100010101101110110101010101111111110111111111110100111001110111100111010100
2970363705164192966289681958026479723875097097422657376406115810156434921255093309537490625454202134  1011100110111110100001000001101101100100001100101010010110000100100000000010111110011000011001000101
5286194082540701638684028470599740829237878758502974826184010087740109443873629039049332458749673290  0000001101000101111100110110111001010100010001011101011000001010000000101101101010100011010000001000
3988565055647972347779104631622047540023338579917932933073357344296956605986618472826384905701577588  0101111001110010010111100111110000101111111011110001011101111011001001101000100110100101011001110111
2693947925519462809191674066648553288535201662119360050477599375421019146869549856244496354383030027  1111110110000110101111111110100000000101010010000101111111100011000001110001111001110001110011011101
9755778848012952450139344879867170796298363920752160333079528432510805919856075480623579658909661321  1111101010101010110110100101100100010111100100011010110101111011001001001100111001100100010110101111
4231371723035939326766743810441255286970582259268109173047806702606868899809098780990112906491059482  1110001111011110000110111001110110110110000101110101111100001011011011110100101111100111011001101101
1817362632703496295270192694734725594468074730619957899795992350212321478330256150575888827234593022  1010001100011100000110000101110000111110101010110010000100000010010011111101000000111101010110110100
2587827584083099190196124957017235412109016229844067979584062240734073967413988616657701927044867946  0111000010001001011011110100000101011001100101110000010111001100111010011010010001001110111011001100
5393356830745731399462555248173857496759424059696408873547838005613747691013324466286750205958132628  1011111110101100101111000111000010101101101111101010000001011101000101101100011010000111111101010101
6936863901053341799424113103301178234967626118174537937713561862839561140904946152340636390633721585  1010001000010011011001000000101001001110001011101001011101110101111111011111101001011011001000011110
5262656748799339722430115645147446558258771380031477380874493110833785363916368244081951273540649970  0100011011111010100011110100101101100101010111010101110111100111010001100011101001000110110010100010
84396634425987935129480827011263811114226225828928836486345745547894127401768696462791939676808294  1110111110000011011011011000010110001110000001100011111010111100001100101101101010110101100101111100
3583227405343611250828602554711801430588420468304622580489470883769454685131241506134133778226472641  1111111110011010110001101111111101001001011001111110101000000110110011000101101000100000001100001101
9539829281913464763667305699517415139560221428340410365854306887965877255260326371776383322935565256  0000110010100110010000100011000101100110010111110001000000000010100100101000001011001111011001110110
167311198564184493425602991516580286919822854031052546773976581106813760183231935856953121946383604  1100011111111110000110010111010011110000111101010011101011011101101001110111100010000010111011010110
2704910858975749751299083913765627518401278267907497509424904852089304571782056766109462419248997323  0001110000100100111100100111101111001000100000000000001101111100101111010001001111101111000100001110
451176690183978964256797526665468469599646862569253777272639540050873222332154954819343946102526118  1101011110010111010011001011001000000001000010100010001101010010100100001111001101011000010000110111
1320611698668985098754920508121923113216110097107126714077540724769165609510255141304043763279023588  0000101000100111000111001110011001101101010101010111010100000011011100001000011010000111001001000001
9637842355258820495160329266986445802320705205833337598345855959363590897129225460134739318637383678  0000110100101101000001101010000001111101000011101001010001000001000011001001111110111100010011111110
4060484455593452388616193197207581872557167045577006253111784527152349582668338775625603699256677120  0010101111101110011100010111100111111001111010111101111110111101111011111001001110101101010100001110
2124125707403576389266335468321652356085815702126682709500132607835669867810355085991369407209038207  0001011101101011011001101011100110101010111111110011001111100101100010111111110100010110001011001111
6925226321475551882521645305869499991764153123882586207351818026128473802080348429970191105882430361  1010011110110011010001111001010100010111110110001111111011010011001111100000100010010101101110010101
5934484634924843004297907245299882195789565056103095514693591330232200512556987832175217876487315793  1100010101101100001100110101111010100000111101110111100001101000011111100111011101111101100110010001
8565521945531820106411040781878418579709134514438690484072239555736732362644457802948248619629687253  1010010111010111011000010100110001001010011110111100101101100100011111110000101111000000001110010101
9049960921700404527054921646049638555079578533252239189417633590409242364062084691741136047787626546  1110100001001000110011001110101000001110100000111100011011011000100001100110010101001101110100001100
1053664980637604956030009830193716472774746020184936423313321660057408184275272932649506571841039010  0101011000000010111111001110111001101000000101000111111011000110100111011111100101011010100110101110
8708027276076032917620887876701089004119008290655574685662473725915375526771051712173498466231449928  0110101111001111111100000001101110001001101101010100011101111110101101011010100011000000000010100100
1807765219367554485406393413246548985269237162805248403855900456011356142837897642470800097658123054  1110001110001101101110111010110100000000010001011000111110101110010100011000011000101101110010000100
1743864664925213948755940652726663159433985901363764066302355123817402813943384008306855131624965978  0011010000100111110000000001000111000011011101100100100011010101110110001101110011100010001011100110
7755804530906076948925254215215104404756142491265395829549474347523103579329305218049238451896632354  0111101011000111110011100000100101011011011010011010001101110101010011011001101001011110000101011110
7278935194033189087244862598968915996763395783627740532534784394546709142576986046982944705946911423  1000111100001111100100100100000101000100000101110110010001011110111001111100101100000010100000100101
1255960868342188551520192616980398786020879147369817839675911880730132728967047408535187163392761987  1101001101101100011111101111111111001000100111110101001110100110000011100111010001111011111111001000
1555059874604472298447328751457638423998643064106761185421164551242522441106052783746497898742359644  0010101001010000000111101010111000000111010101100000111011000011001001100100100010000001100000010100
1432161029419529636820787871766762555983768743119486512645028192691213246885094415570654334154416037  1011001000010101101111000011100111100001011110100101101100100011011000000000100111110100100100001111
9857824921447220110943926114080182131413321537189981163127692348219008013183648155136269487221397912  0011111001101000100101110100100111001111010001100011011011100110000111000111111111101000010100110111
9531776092099194803069767816081817797140917527388893495655941329378556270541864701213047323377280155  1110011011001101111100101011000000100111110111011011000011100000111000010010101110110010110001111001
9302902322811345404878043935882609645068306385448656619725441437175627454102355982678519844929407481  1110111100101011111000110010010001101000110110101011100110001001010111111111000100001111000100101101
8591760112118829837249810021870822955011977512770483106845030379352126583401709357239771074839949958  0101011010111110111001010011001011010100010110101101011011100111010110010001001101111000011101011000
2415201319249289562806115976033571779299816554992739187580379373431009838408119857480521433956732928  1000011001011110111000001110100111101100000101110111000011010110000101110101011111000100101001111000
2870850144647577521892910283538508034957559654928740667128164141403267542780894474265617268034270528  0011101010111010110000001011111101011111000110100101010001011010011101110000001011011101010011000011
9879220688318168867799654333559923306946765147055438668228998561372496419724164588284235779914847737  1001010000111001000100000101100110000101011000010010101100110011001100111101001111000001010010101000
9345818937195124259268102523662348921896061623185839820674685654801416479185069885948781733254560176  0001100101010001000000100101010010101010101000001000110111110000000100001010011001000110111001101100
56213548955322489972843646719920744056177620128953968187372222211214659763613813620951841295445867  1111110100010001001010010110001110111011000101011101010100100111111011010111011001110000110111000111
4867292039554512155604066377777431584398637325034345629502156421232376585519370767829345531524544536  0000100100001000011010101100011100111011000101001011111010011000001000110010111000101000100000110001
1906266084560692548947766272469061580619770004147739234722343817370899336542324536877152650169667182  1100110001100011101111100111011110110001111111100100101100101000100100011111000011100100011110010001
1718277367260978724719933283354996050849457140210207222485600722923395612362451993283585327709380680  1101101110111101001010110001101000000100000010011011001111001001011111011010110101101001111111100111
5547376660726299866217862643100649153797212946220576565736944248133959272542211683228831140150922526  0010001100110111011101101010011100011101111110001110010010110111010001111000100001010001111110001001
607219277299570156769440018393768195792042540101022655817678755954365449928553073021062141683902276  0111001010011011110111000010100100011000111010100010011010001010011111100001000000000100011100100001
6125375710376618557200278876928767112750886102070186475802152992556644075062623257203756806184714542  0000111000111110110111111011011000101110000110010101001100010110101000101101101000001010110001101011
3015752830129884984781085852299646536992718250861748065553466649953760733564826230065322772372142098  0000011101011011100101111100010111101001100001011100111101111000100001110011010100110110100110111011
5234631356059445042059628329948820381882913462556748104144823098217771479629240578086907926006978553  1110110000111011001011010100100010100000000001100101001001010010111001000011010010100110100101011011
5789809085955714709884808472762045920965779595876908520788233335495489794722275308533919251378871227  1100001010011001110100111110111011100010100110011111110000011111100111000100101000100000111100010110
7695970741974152976377408804105948717814567182481884020769582731006016090664302037797036757829062425  0100110110000010011001111010100001110010110111100101010010111000011011001010000001101011110111001111
8896966161956268691850732312101067103138883426449363430325445059719270760624983167731200218503549718  0011010101101001011100110010010011110110100001010100111100011111001011110010111110000000000000100110
4157595127528380647879179778154401023839499328072731209642086461476907654405576117646328529485304362  1001010100000110011111001010011000001110010111101101010010011000100010111101010001101001111101000011
8632120241548208018508017615450226078892100454264766647737833329822419750727915549389369748434369155  0001101010111101100101100101111111000011100110010000101101010100110100101000010000001110001011111101
6960496917099891047567643424393137334476212612686036933784984152020115872860785373384402093669877496  0011111110110110011001100001110101110000111001000010101010001100000011101111010101001010100001111111
8601497159449026536157399024134136327408488140047685363987316426857293012042937624989910792838380535  1000101000011001101001111000101001010011000101001101011111100110000101110000000001110100010011110111
